# Escouades
Les trolls,50,10,0,Pique Brutale,FOR+10,DEF-10,NBA+42
# Unités
Byleth,52,39,32,28,30,28,24,23,34,6
Dimitri,60,40,15,27,30,23,23,15,34,6
Dedue,68,20,12,24,11,14,44,14,19,4
Mercedes,46,20,29,30,29,22,16,28,28,6
Annette,38,17,39,32,24,15,15,29,24,5
Felix,48,32,28,27,34,17,19,17,21,6
Sylvain,54,29,26,33,25,15,21,22,24,7,Les trolls
Ingrid,46,28,14,37,41,20,15,27,28,8
Ashe,47,26,13,42,32,29,18,17,20,8
Edelgard,60,38,21,27,19,20,32,21,35,5
Hubert,40,17,39,27,26,16,15,27,19,4
Ferdinand,62,31,13,27,19,22,31,14,21,7
Dorothea,48,16,33,28,29,22,15,29,29,5
Petra,49,29,12,39,50,25,18,11,20,6
Bernadetta,43,26,13,41,28,22,17,14,22,8
Caspar,53,36,12,27,33,18,18,13,20,6
Linhart,42,18,28,30,22,19,17,34,17,7
# Armes
Epee du createur,15,10,0,90,0,-1
Thoron,9,10,7,75,1,4
Arc héros,11,0,13,70,0,-1,NBA+1
A,9,0,9,70,0,-1
B,6,0,10,7,75,0,-1